
+++++++++++++++++++++++++++++++++++++++++++++++++++++++++++++++++++

0. NOMINAL CORRELATIONS

----- (VALUES/1k) ----- | CVW183 | CVW189 | CVW192 | CVW196 | CVW200 | CVW202 | CVW205 | CVW207 | Stat LCEU LCEC LUEU LUEC

    A183  15.57 +-  0.68 |  25.58 |  -0.58 |  -0.36 |  -0.42 |  -0.40 |  -0.50 |  -0.47 |  -0.40 | 0.62 0.00 0.09 0.09 0.26
    D183  15.86 +-  0.74 |  22.26 |   0.04 |   0.29 |   0.16 |   0.09 |   0.09 |   0.19 |   0.06 | 0.69 0.00 0.09 0.07 0.23
    L183  16.53 +-  0.72 |  23.49 |   0.30 |   0.50 |   0.46 |   0.56 |   0.67 |   0.60 |   0.57 | 0.67 0.00 0.08 0.14 0.20
    O183  15.43 +-  0.66 |  28.68 |   0.25 |  -0.42 |  -0.20 |  -0.25 |  -0.27 |  -0.31 |  -0.24 | 0.61 0.00 0.14 0.00 0.22
------------------------ | ------ | ------ | ------ | ------ | ------ | ------ | ------ | ------ | ---- ---- ---- ---- ----
BLUE 183  15.79 +-  0.36 | 100.00 |   0.00 |   0.00 |  -0.00 |  -0.00 |   0.00 |   0.00 |   0.00 | 0.32 0.00 0.10 0.04 0.11
BLUE 183 (full precision): 15792.050 +- 357.522

    A189  15.71 +-  0.38 |  -0.86 |  26.72 |   1.11 |   0.98 |   0.95 |   0.80 |   0.80 |   0.94 | 0.34 0.00 0.05 0.09 0.15
    D189  15.83 +-  0.43 |  -1.39 |  21.33 |  -0.65 |  -0.93 |  -1.07 |  -1.18 |  -0.79 |  -1.06 | 0.38 0.00 0.07 0.05 0.18
    L189  16.24 +-  0.43 |   0.16 |  22.12 |  -0.69 |  -0.80 |  -0.43 |  -0.18 |  -0.30 |  -0.36 | 0.37 0.00 0.04 0.08 0.20
    O189  16.30 +-  0.38 |   2.09 |  29.83 |   0.23 |   0.76 |   0.55 |   0.56 |   0.30 |   0.48 | 0.34 0.00 0.07 0.00 0.17
------------------------ | ------ | ------ | ------ | ------ | ------ | ------ | ------ | ------ | ---- ---- ---- ---- ----
BLUE 189  16.00 +-  0.21 |  -0.00 | 100.00 |  -0.00 |  -0.00 |   0.00 |  -0.00 |  -0.00 |   0.00 | 0.18 0.00 0.05 0.03 0.08
BLUE 189 (full precision): 15999.594 +- 206.427

    A192  17.23 +-  0.91 |   0.47 |   0.45 |  27.07 |   0.77 |   0.75 |   0.75 |   0.73 |   0.74 | 0.89 0.00 0.05 0.09 0.15
    D192  16.90 +-  1.02 |   0.18 |   0.12 |  21.25 |   0.26 |   0.22 |   0.22 |   0.27 |   0.22 | 1.00 0.00 0.07 0.06 0.20
    L192  16.39 +-  0.93 |   0.14 |  -0.01 |  25.85 |   0.09 |   0.17 |   0.21 |   0.21 |   0.19 | 0.90 0.00 0.08 0.08 0.21
    O192  16.60 +-  0.97 |  -0.79 |  -0.56 |  25.83 |  -1.11 |  -1.14 |  -1.18 |  -1.21 |  -1.14 | 0.88 0.00 0.12 0.00 0.40
------------------------ | ------ | ------ | ------ | ------ | ------ | ------ | ------ | ------ | ---- ---- ---- ---- ----
BLUE 192  16.72 +-  0.48 |   0.00 |   0.00 | 100.00 |  -0.00 |   0.00 |   0.00 |   0.00 |   0.00 | 0.46 0.00 0.07 0.04 0.10
BLUE 192 (full precision): 16719.983 +- 477.960

    A196  17.00 +-  0.57 |   1.17 |   1.15 |   2.03 |  29.30 |   1.87 |   1.86 |   1.80 |   1.83 | 0.54 0.00 0.05 0.09 0.15
    D196  17.86 +-  0.63 |   0.43 |   0.28 |   0.80 |  23.94 |   0.52 |   0.52 |   0.65 |   0.51 | 0.59 0.00 0.07 0.06 0.20
    L196  16.67 +-  0.60 |   0.29 |  -0.10 |   0.22 |  26.61 |   0.31 |   0.42 |   0.40 |   0.37 | 0.55 0.00 0.08 0.08 0.21
    O196  18.59 +-  0.74 |  -1.89 |  -1.33 |  -3.06 |  20.15 |  -2.70 |  -2.79 |  -2.86 |  -2.71 | 0.60 0.00 0.12 0.00 0.41
------------------------ | ------ | ------ | ------ | ------ | ------ | ------ | ------ | ------ | ---- ---- ---- ---- ----
BLUE 196  17.43 +-  0.32 |   0.00 |   0.00 |   0.00 | 100.00 |  -0.00 |  -0.00 |  -0.00 |  -0.00 | 0.29 0.00 0.07 0.04 0.10
BLUE 196 (full precision): 17426.814 +- 315.586

    A200  16.98 +-  0.56 |   0.98 |   1.03 |   1.92 |   1.79 |  28.27 |   1.74 |   1.70 |   1.73 | 0.53 0.00 0.05 0.09 0.15
    D200  17.35 +-  0.60 |   0.26 |   0.17 |   0.72 |   0.51 |  24.56 |   0.41 |   0.57 |   0.41 | 0.56 0.00 0.07 0.06 0.20
    L200  16.94 +-  0.62 |   0.07 |  -0.23 |   0.04 |  -0.06 |  23.20 |   0.23 |   0.23 |   0.19 | 0.57 0.00 0.08 0.08 0.21
    O200  16.32 +-  0.66 |  -1.32 |  -0.98 |  -2.67 |  -2.23 |  23.96 |  -2.38 |  -2.49 |  -2.34 | 0.54 0.00 0.10 0.00 0.37
------------------------ | ------ | ------ | ------ | ------ | ------ | ------ | ------ | ------ | ---- ---- ---- ---- ----
BLUE 200  16.84 +-  0.31 |   0.00 |  -0.00 |  -0.00 |  -0.00 | 100.00 |   0.00 |  -0.00 |  -0.00 | 0.28 0.00 0.07 0.04 0.10
BLUE 200 (full precision): 16840.316 +- 305.084

    A202  16.16 +-  0.76 |   0.67 |   0.63 |   1.12 |   1.05 |   1.04 |  30.03 |   1.00 |   1.02 | 0.74 0.00 0.05 0.09 0.15
    D202  17.67 +-  0.84 |   0.06 |   0.04 |   0.29 |   0.19 |   0.15 |  24.54 |   0.23 |   0.15 | 0.81 0.00 0.08 0.07 0.21
    L202  16.95 +-  0.88 |   0.15 |  -0.03 |   0.11 |   0.07 |   0.15 |  22.28 |   0.20 |   0.18 | 0.85 0.00 0.08 0.08 0.21
    O202  18.48 +-  0.91 |  -0.88 |  -0.64 |  -1.53 |  -1.31 |  -1.34 |  23.16 |  -1.43 |  -1.35 | 0.81 0.00 0.12 0.00 0.40
------------------------ | ------ | ------ | ------ | ------ | ------ | ------ | ------ | ------ | ---- ---- ---- ---- ----
BLUE 202  17.23 +-  0.42 |   0.00 |   0.00 |   0.00 |   0.00 |   0.00 | 100.00 |   0.00 |   0.00 | 0.40 0.00 0.07 0.04 0.10
BLUE 202 (full precision): 17227.152 +- 423.003

    A205  16.57 +-  0.55 |   0.93 |   1.01 |   1.94 |   1.80 |   1.77 |   1.76 |  29.66 |   1.75 | 0.52 0.00 0.05 0.09 0.15
    D205  17.44 +-  0.64 |   0.35 |   0.19 |   0.72 |   0.52 |   0.44 |   0.44 |  22.00 |   0.43 | 0.60 0.00 0.06 0.05 0.20
    L205  17.35 +-  0.64 |  -0.00 |  -0.26 |  -0.00 |  -0.10 |   0.08 |   0.17 |  22.07 |   0.15 | 0.59 0.00 0.08 0.08 0.21
    O205  15.97 +-  0.64 |  -1.28 |  -0.95 |  -2.67 |  -2.22 |  -2.30 |  -2.37 |  26.27 |  -2.33 | 0.52 0.00 0.10 0.00 0.36
------------------------ | ------ | ------ | ------ | ------ | ------ | ------ | ------ | ------ | ---- ---- ---- ---- ----
BLUE 205  16.71 +-  0.31 |   0.00 |   0.00 |   0.00 |   0.00 |   0.00 |   0.00 | 100.00 |   0.00 | 0.28 0.00 0.06 0.03 0.10
BLUE 205 (full precision): 16708.527 +- 306.574

    A207  17.32 +-  0.45 |   1.35 |   1.54 |   2.95 |   2.73 |   2.70 |   2.66 |   2.61 |  29.14 | 0.41 0.00 0.05 0.09 0.15
    D207  16.50 +-  0.48 |   0.86 |   0.54 |   1.54 |   1.19 |   1.03 |   1.04 |   1.28 |  25.87 | 0.43 0.00 0.06 0.05 0.20
    L207  17.96 +-  0.51 |  -0.11 |  -0.49 |  -0.11 |  -0.27 |   0.05 |   0.20 |   0.21 |  22.40 | 0.45 0.00 0.08 0.08 0.21
    O207  17.77 +-  0.57 |  -2.10 |  -1.59 |  -4.38 |  -3.65 |  -3.78 |  -3.90 |  -4.10 |  22.58 | 0.42 0.00 0.09 0.00 0.37
------------------------ | ------ | ------ | ------ | ------ | ------ | ------ | ------ | ------ | ---- ---- ---- ---- ----
BLUE 207  17.33 +-  0.25 |   0.00 |   0.00 |   0.00 |   0.00 |   0.00 |  -0.00 |   0.00 | 100.00 | 0.22 0.00 0.06 0.03 0.10
BLUE 207 (full precision): 17330.886 +- 249.909
Chi2 / d.o.f = 27.4186 / 24

BlueCor       183       189       192       196       200       202       205       207
    183    1.0000    0.1966    0.1133    0.1691    0.1688    0.1275    0.1657    0.2009
    189    0.1966    1.0000    0.1341    0.2002    0.2000    0.1502    0.1964    0.2388
    192    0.1133    0.1341    1.0000    0.1191    0.1193    0.0896    0.1179    0.1427
    196    0.1691    0.2002    0.1191    1.0000    0.1766    0.1325    0.1741    0.2111
    200    0.1688    0.2000    0.1193    0.1766    1.0000    0.1330    0.1748    0.2119
    202    0.1275    0.1502    0.0896    0.1325    0.1330    1.0000    0.1312    0.1591
    205    0.1657    0.1964    0.1179    0.1741    0.1748    0.1312    1.0000    0.2093
    207    0.2009    0.2388    0.1427    0.2111    0.2119    0.1591    0.2093    1.0000

   CovM (VALUES/1M)
   CovM      A183      A189      A192      A196      A200      A202      A205      A207      D183      D189      D192      D196      D200      D202      D205      D207      L183      L189      L192      L196      L200      L202      L205      L207      O183      O189      O192      O196      O200      O202      O205      O207
   A183    0.4667    0.0424    0.0424    0.0424    0.0424    0.0424    0.0424    0.0424    0.0076    0.0063    0.0063    0.0063    0.0063    0.0072    0.0054    0.0054    0.0072    0.0040    0.0072    0.0072    0.0072    0.0072    0.0072    0.0072    0.0126    0.0059    0.0108    0.0108    0.0089    0.0103    0.0086    0.0083
   A189    0.0424    0.1479    0.0244    0.0244    0.0244    0.0244    0.0244    0.0244    0.0043    0.0035    0.0035    0.0035    0.0035    0.0040    0.0030    0.0030    0.0040    0.0022    0.0040    0.0040    0.0040    0.0040    0.0040    0.0040    0.0070    0.0032    0.0060    0.0060    0.0050    0.0057    0.0048    0.0046
   A192    0.0424    0.0244    0.8244    0.0244    0.0244    0.0244    0.0244    0.0244    0.0043    0.0035    0.0035    0.0035    0.0035    0.0040    0.0030    0.0030    0.0040    0.0022    0.0040    0.0040    0.0040    0.0040    0.0040    0.0040    0.0070    0.0032    0.0060    0.0060    0.0050    0.0057    0.0048    0.0046
   A196    0.0424    0.0244    0.0244    0.3239    0.0244    0.0244    0.0244    0.0244    0.0043    0.0035    0.0035    0.0035    0.0035    0.0040    0.0030    0.0030    0.0040    0.0022    0.0040    0.0040    0.0040    0.0040    0.0040    0.0040    0.0070    0.0032    0.0060    0.0060    0.0050    0.0057    0.0048    0.0046
   A200    0.0424    0.0244    0.0244    0.0244    0.3132    0.0244    0.0244    0.0244    0.0043    0.0035    0.0035    0.0035    0.0035    0.0040    0.0030    0.0030    0.0040    0.0022    0.0040    0.0040    0.0040    0.0040    0.0040    0.0040    0.0070    0.0032    0.0060    0.0060    0.0050    0.0057    0.0048    0.0046
   A202    0.0424    0.0244    0.0244    0.0244    0.0244    0.5799    0.0244    0.0244    0.0043    0.0035    0.0035    0.0035    0.0035    0.0040    0.0030    0.0030    0.0040    0.0022    0.0040    0.0040    0.0040    0.0040    0.0040    0.0040    0.0070    0.0032    0.0060    0.0060    0.0050    0.0057    0.0048    0.0046
   A205    0.0424    0.0244    0.0244    0.0244    0.0244    0.0244    0.3027    0.0244    0.0043    0.0035    0.0035    0.0035    0.0035    0.0040    0.0030    0.0030    0.0040    0.0022    0.0040    0.0040    0.0040    0.0040    0.0040    0.0040    0.0070    0.0032    0.0060    0.0060    0.0050    0.0057    0.0048    0.0046
   A207    0.0424    0.0244    0.0244    0.0244    0.0244    0.0244    0.0244    0.2004    0.0043    0.0035    0.0035    0.0035    0.0035    0.0040    0.0030    0.0030    0.0040    0.0022    0.0040    0.0040    0.0040    0.0040    0.0040    0.0040    0.0070    0.0032    0.0060    0.0060    0.0050    0.0057    0.0048    0.0046
   D183    0.0076    0.0043    0.0043    0.0043    0.0043    0.0043    0.0043    0.0043    0.5428    0.0485    0.0529    0.0529    0.0529    0.0552    0.0533    0.0509    0.0068    0.0037    0.0068    0.0068    0.0068    0.0068    0.0068    0.0068    0.0119    0.0055    0.0102    0.0102    0.0084    0.0098    0.0082    0.0078
   D189    0.0063    0.0035    0.0035    0.0035    0.0035    0.0035    0.0035    0.0035    0.0485    0.1846    0.0411    0.0411    0.0411    0.0429    0.0413    0.0395    0.0056    0.0031    0.0056    0.0056    0.0056    0.0056    0.0056    0.0056    0.0098    0.0046    0.0084    0.0084    0.0069    0.0080    0.0067    0.0064
   D192    0.0063    0.0035    0.0035    0.0035    0.0035    0.0035    0.0035    0.0035    0.0529    0.0411    1.0485    0.0449    0.0449    0.0468    0.0452    0.0432    0.0056    0.0031    0.0056    0.0056    0.0056    0.0056    0.0056    0.0056    0.0098    0.0046    0.0084    0.0084    0.0069    0.0080    0.0067    0.0064
   D196    0.0063    0.0035    0.0035    0.0035    0.0035    0.0035    0.0035    0.0035    0.0529    0.0411    0.0449    0.3966    0.0449    0.0468    0.0452    0.0432    0.0056    0.0031    0.0056    0.0056    0.0056    0.0056    0.0056    0.0056    0.0098    0.0046    0.0084    0.0084    0.0069    0.0080    0.0067    0.0064
   D200    0.0063    0.0035    0.0035    0.0035    0.0035    0.0035    0.0035    0.0035    0.0529    0.0411    0.0449    0.0449    0.3621    0.0468    0.0452    0.0432    0.0056    0.0031    0.0056    0.0056    0.0056    0.0056    0.0056    0.0056    0.0098    0.0046    0.0084    0.0084    0.0069    0.0080    0.0067    0.0064
   D202    0.0072    0.0040    0.0040    0.0040    0.0040    0.0040    0.0040    0.0040    0.0552    0.0429    0.0468    0.0468    0.0468    0.7092    0.0470    0.0450    0.0064    0.0035    0.0064    0.0064    0.0064    0.0064    0.0064    0.0064    0.0112    0.0052    0.0096    0.0096    0.0079    0.0092    0.0077    0.0074
   D205    0.0054    0.0030    0.0030    0.0030    0.0030    0.0030    0.0030    0.0030    0.0533    0.0413    0.0452    0.0452    0.0452    0.0470    0.4085    0.0436    0.0048    0.0026    0.0048    0.0048    0.0048    0.0048    0.0048    0.0048    0.0084    0.0039    0.0072    0.0072    0.0059    0.0069    0.0058    0.0055
   D207    0.0054    0.0030    0.0030    0.0030    0.0030    0.0030    0.0030    0.0030    0.0509    0.0395    0.0432    0.0432    0.0432    0.0450    0.0436    0.2290    0.0048    0.0026    0.0048    0.0048    0.0048    0.0048    0.0048    0.0048    0.0084    0.0039    0.0072    0.0072    0.0059    0.0069    0.0058    0.0055
   L183    0.0072    0.0040    0.0040    0.0040    0.0040    0.0040    0.0040    0.0040    0.0068    0.0056    0.0056    0.0056    0.0056    0.0064    0.0048    0.0048    0.5164    0.0449    0.0495    0.0495    0.0495    0.0495    0.0495    0.0495    0.0112    0.0052    0.0096    0.0096    0.0079    0.0092    0.0077    0.0074
   L189    0.0040    0.0022    0.0022    0.0022    0.0022    0.0022    0.0022    0.0022    0.0037    0.0031    0.0031    0.0031    0.0031    0.0035    0.0026    0.0026    0.0449    0.1854    0.0459    0.0459    0.0459    0.0459    0.0459    0.0459    0.0062    0.0029    0.0053    0.0053    0.0044    0.0051    0.0042    0.0040
   L192    0.0072    0.0040    0.0040    0.0040    0.0040    0.0040    0.0040    0.0040    0.0068    0.0056    0.0056    0.0056    0.0056    0.0064    0.0048    0.0048    0.0495    0.0459    0.8676    0.0505    0.0505    0.0505    0.0505    0.0505    0.0112    0.0052    0.0096    0.0096    0.0079    0.0092    0.0077    0.0074
   L196    0.0072    0.0040    0.0040    0.0040    0.0040    0.0040    0.0040    0.0040    0.0068    0.0056    0.0056    0.0056    0.0056    0.0064    0.0048    0.0048    0.0495    0.0459    0.0505    0.3601    0.0505    0.0505    0.0505    0.0505    0.0112    0.0052    0.0096    0.0096    0.0079    0.0092    0.0077    0.0074
   L200    0.0072    0.0040    0.0040    0.0040    0.0040    0.0040    0.0040    0.0040    0.0068    0.0056    0.0056    0.0056    0.0056    0.0064    0.0048    0.0048    0.0495    0.0459    0.0505    0.0505    0.3825    0.0505    0.0505    0.0505    0.0112    0.0052    0.0096    0.0096    0.0079    0.0092    0.0077    0.0074
   L202    0.0072    0.0040    0.0040    0.0040    0.0040    0.0040    0.0040    0.0040    0.0068    0.0056    0.0056    0.0056    0.0056    0.0064    0.0048    0.0048    0.0495    0.0459    0.0505    0.0505    0.0505    0.7801    0.0505    0.0505    0.0112    0.0052    0.0096    0.0096    0.0079    0.0092    0.0077    0.0074
   L205    0.0072    0.0040    0.0040    0.0040    0.0040    0.0040    0.0040    0.0040    0.0068    0.0056    0.0056    0.0056    0.0056    0.0064    0.0048    0.0048    0.0495    0.0459    0.0505    0.0505    0.0505    0.0505    0.4057    0.0505    0.0112    0.0052    0.0096    0.0096    0.0079    0.0092    0.0077    0.0074
   L207    0.0072    0.0040    0.0040    0.0040    0.0040    0.0040    0.0040    0.0040    0.0068    0.0056    0.0056    0.0056    0.0056    0.0064    0.0048    0.0048    0.0495    0.0459    0.0505    0.0505    0.0505    0.0505    0.0505    0.2601    0.0112    0.0052    0.0096    0.0096    0.0079    0.0092    0.0077    0.0074
   O183    0.0126    0.0070    0.0070    0.0070    0.0070    0.0070    0.0070    0.0070    0.0119    0.0098    0.0098    0.0098    0.0098    0.0112    0.0084    0.0084    0.0112    0.0062    0.0112    0.0112    0.0112    0.0112    0.0112    0.0112    0.4397    0.0459    0.1048    0.1072    0.0942    0.1046    0.0916    0.0937
   O189    0.0059    0.0032    0.0032    0.0032    0.0032    0.0032    0.0032    0.0032    0.0055    0.0046    0.0046    0.0046    0.0046    0.0052    0.0039    0.0039    0.0052    0.0029    0.0052    0.0052    0.0052    0.0052    0.0052    0.0052    0.0459    0.1480    0.0753    0.0772    0.0681    0.0753    0.0662    0.0680
   O192    0.0108    0.0060    0.0060    0.0060    0.0060    0.0060    0.0060    0.0060    0.0102    0.0084    0.0084    0.0084    0.0084    0.0096    0.0072    0.0072    0.0096    0.0053    0.0096    0.0096    0.0096    0.0096    0.0096    0.0096    0.1048    0.0753    0.9504    0.1804    0.1594    0.1762    0.1550    0.1594
   O196    0.0108    0.0060    0.0060    0.0060    0.0060    0.0060    0.0060    0.0060    0.0102    0.0084    0.0084    0.0084    0.0084    0.0096    0.0072    0.0072    0.0096    0.0053    0.0096    0.0096    0.0096    0.0096    0.0096    0.0096    0.1072    0.0772    0.1804    0.5450    0.1635    0.1807    0.1590    0.1634
   O200    0.0089    0.0050    0.0050    0.0050    0.0050    0.0050    0.0050    0.0050    0.0084    0.0069    0.0069    0.0069    0.0069    0.0079    0.0059    0.0059    0.0079    0.0044    0.0079    0.0079    0.0079    0.0079    0.0079    0.0079    0.0942    0.0681    0.1594    0.1635    0.4361    0.1597    0.1405    0.1445
   O202    0.0103    0.0057    0.0057    0.0057    0.0057    0.0057    0.0057    0.0057    0.0098    0.0080    0.0080    0.0080    0.0080    0.0092    0.0069    0.0069    0.0092    0.0051    0.0092    0.0092    0.0092    0.0092    0.0092    0.0092    0.1046    0.0753    0.1762    0.1807    0.1597    0.8325    0.1553    0.1597
   O205    0.0086    0.0048    0.0048    0.0048    0.0048    0.0048    0.0048    0.0048    0.0082    0.0067    0.0067    0.0067    0.0067    0.0077    0.0058    0.0058    0.0077    0.0042    0.0077    0.0077    0.0077    0.0077    0.0077    0.0077    0.0916    0.0662    0.1550    0.1590    0.1405    0.1553    0.4071    0.1406
   O207    0.0083    0.0046    0.0046    0.0046    0.0046    0.0046    0.0046    0.0046    0.0078    0.0064    0.0064    0.0064    0.0064    0.0074    0.0055    0.0055    0.0074    0.0040    0.0074    0.0074    0.0074    0.0074    0.0074    0.0074    0.0937    0.0680    0.1594    0.1634    0.1445    0.1597    0.1406    0.3210

7. NO CORRELATIONS

----- (VALUES/1k) ----- | CVW183 | CVW189 | CVW192 | CVW196 | CVW200 | CVW202 | CVW205 | CVW207 | Stat LCEU LCEC LUEU LUEC

    A183  15.57 +-  0.68 |  26.14 |   0.00 |   0.00 |   0.00 |   0.00 |   0.00 |   0.00 |   0.00 | 0.62 0.00 0.09 0.09 0.26
    D183  15.86 +-  0.74 |  22.48 |   0.00 |   0.00 |   0.00 |   0.00 |   0.00 |   0.00 |   0.00 | 0.69 0.00 0.09 0.07 0.23
    L183  16.53 +-  0.72 |  23.63 |   0.00 |   0.00 |   0.00 |   0.00 |   0.00 |   0.00 |   0.00 | 0.67 0.00 0.08 0.14 0.20
    O183  15.43 +-  0.66 |  27.75 |   0.00 |   0.00 |   0.00 |   0.00 |   0.00 |   0.00 |   0.00 | 0.61 0.00 0.14 0.00 0.22
------------------------ | ------ | ------ | ------ | ------ | ------ | ------ | ------ | ------ | ---- ---- ---- ---- ----
BLUE 183  15.82 +-  0.35 | 100.00 |   0.00 |   0.00 |   0.00 |   0.00 |   0.00 |   0.00 |   0.00 | 0.32 0.00 0.05 0.04 0.12
BLUE 183 (full precision): 15823.164 +- 349.295

    A189  15.71 +-  0.38 |   0.00 |  27.79 |   0.00 |   0.00 |   0.00 |   0.00 |   0.00 |   0.00 | 0.34 0.00 0.05 0.09 0.15
    D189  15.83 +-  0.43 |   0.00 |  22.27 |   0.00 |   0.00 |   0.00 |   0.00 |   0.00 |   0.00 | 0.38 0.00 0.07 0.05 0.18
    L189  16.24 +-  0.43 |   0.00 |  22.17 |   0.00 |   0.00 |   0.00 |   0.00 |   0.00 |   0.00 | 0.37 0.00 0.04 0.08 0.20
    O189  16.30 +-  0.38 |   0.00 |  27.77 |   0.00 |   0.00 |   0.00 |   0.00 |   0.00 |   0.00 | 0.34 0.00 0.07 0.00 0.17
------------------------ | ------ | ------ | ------ | ------ | ------ | ------ | ------ | ------ | ---- ---- ---- ---- ----
BLUE 189  16.02 +-  0.20 |   0.00 | 100.00 |   0.00 |   0.00 |   0.00 |   0.00 |   0.00 |   0.00 | 0.18 0.00 0.03 0.03 0.09
BLUE 189 (full precision): 16018.053 +- 202.750

    A192  17.23 +-  0.91 |   0.00 |   0.00 |  27.75 |   0.00 |   0.00 |   0.00 |   0.00 |   0.00 | 0.89 0.00 0.05 0.09 0.15
    D192  16.90 +-  1.02 |   0.00 |   0.00 |  21.82 |   0.00 |   0.00 |   0.00 |   0.00 |   0.00 | 1.00 0.00 0.07 0.06 0.20
    L192  16.39 +-  0.93 |   0.00 |   0.00 |  26.37 |   0.00 |   0.00 |   0.00 |   0.00 |   0.00 | 0.90 0.00 0.08 0.08 0.21
    O192  16.60 +-  0.97 |   0.00 |   0.00 |  24.07 |   0.00 |   0.00 |   0.00 |   0.00 |   0.00 | 0.88 0.00 0.12 0.00 0.40
------------------------ | ------ | ------ | ------ | ------ | ------ | ------ | ------ | ------ | ---- ---- ---- ---- ----
BLUE 192  16.78 +-  0.48 |   0.00 |   0.00 | 100.00 |   0.00 |   0.00 |   0.00 |   0.00 |   0.00 | 0.46 0.00 0.04 0.04 0.13
BLUE 192 (full precision): 16784.884 +- 478.279

    A196  17.00 +-  0.57 |   0.00 |   0.00 |   0.00 |  30.20 |   0.00 |   0.00 |   0.00 |   0.00 | 0.54 0.00 0.05 0.09 0.15
    D196  17.86 +-  0.63 |   0.00 |   0.00 |   0.00 |  24.67 |   0.00 |   0.00 |   0.00 |   0.00 | 0.59 0.00 0.07 0.06 0.20
    L196  16.67 +-  0.60 |   0.00 |   0.00 |   0.00 |  27.17 |   0.00 |   0.00 |   0.00 |   0.00 | 0.55 0.00 0.08 0.08 0.21
    O196  18.59 +-  0.74 |   0.00 |   0.00 |   0.00 |  17.95 |   0.00 |   0.00 |   0.00 |   0.00 | 0.60 0.00 0.12 0.00 0.41
------------------------ | ------ | ------ | ------ | ------ | ------ | ------ | ------ | ------ | ---- ---- ---- ---- ----
BLUE 196  17.41 +-  0.31 |   0.00 |   0.00 |   0.00 | 100.00 |   0.00 |   0.00 |   0.00 |   0.00 | 0.29 0.00 0.04 0.04 0.11
BLUE 196 (full precision): 17407.939 +- 312.792

    A200  16.98 +-  0.56 |   0.00 |   0.00 |   0.00 |   0.00 |  29.39 |   0.00 |   0.00 |   0.00 | 0.53 0.00 0.05 0.09 0.15
    D200  17.35 +-  0.60 |   0.00 |   0.00 |   0.00 |   0.00 |  25.42 |   0.00 |   0.00 |   0.00 | 0.56 0.00 0.07 0.06 0.20
    L200  16.94 +-  0.62 |   0.00 |   0.00 |   0.00 |   0.00 |  24.07 |   0.00 |   0.00 |   0.00 | 0.57 0.00 0.08 0.08 0.21
    O200  16.32 +-  0.66 |   0.00 |   0.00 |   0.00 |   0.00 |  21.11 |   0.00 |   0.00 |   0.00 | 0.54 0.00 0.10 0.00 0.37
------------------------ | ------ | ------ | ------ | ------ | ------ | ------ | ------ | ------ | ---- ---- ---- ---- ----
BLUE 200  16.93 +-  0.30 |   0.00 |   0.00 |   0.00 |   0.00 | 100.00 |   0.00 |   0.00 |   0.00 | 0.28 0.00 0.04 0.04 0.11
BLUE 200 (full precision): 16925.109 +- 303.419

    A202  16.16 +-  0.76 |   0.00 |   0.00 |   0.00 |   0.00 |   0.00 |  30.70 |   0.00 |   0.00 | 0.74 0.00 0.05 0.09 0.15
    D202  17.67 +-  0.84 |   0.00 |   0.00 |   0.00 |   0.00 |   0.00 |  25.10 |   0.00 |   0.00 | 0.81 0.00 0.08 0.07 0.21
    L202  16.95 +-  0.88 |   0.00 |   0.00 |   0.00 |   0.00 |   0.00 |  22.82 |   0.00 |   0.00 | 0.85 0.00 0.08 0.08 0.21
    O202  18.48 +-  0.91 |   0.00 |   0.00 |   0.00 |   0.00 |   0.00 |  21.38 |   0.00 |   0.00 | 0.81 0.00 0.12 0.00 0.40
------------------------ | ------ | ------ | ------ | ------ | ------ | ------ | ------ | ------ | ---- ---- ---- ---- ----
BLUE 202  17.22 +-  0.42 |   0.00 |   0.00 |   0.00 |   0.00 |   0.00 | 100.00 |   0.00 |   0.00 | 0.40 0.00 0.04 0.04 0.12
BLUE 202 (full precision): 17215.378 +- 421.915

    A205  16.57 +-  0.55 |   0.00 |   0.00 |   0.00 |   0.00 |   0.00 |   0.00 |  30.95 |   0.00 | 0.52 0.00 0.05 0.09 0.15
    D205  17.44 +-  0.64 |   0.00 |   0.00 |   0.00 |   0.00 |   0.00 |   0.00 |  22.93 |   0.00 | 0.60 0.00 0.06 0.05 0.20
    L205  17.35 +-  0.64 |   0.00 |   0.00 |   0.00 |   0.00 |   0.00 |   0.00 |  23.10 |   0.00 | 0.59 0.00 0.08 0.08 0.21
    O205  15.97 +-  0.64 |   0.00 |   0.00 |   0.00 |   0.00 |   0.00 |   0.00 |  23.02 |   0.00 | 0.52 0.00 0.10 0.00 0.36
------------------------ | ------ | ------ | ------ | ------ | ------ | ------ | ------ | ------ | ---- ---- ---- ---- ----
BLUE 205  16.81 +-  0.31 |   0.00 |   0.00 |   0.00 |   0.00 |   0.00 |   0.00 | 100.00 |   0.00 | 0.28 0.00 0.04 0.04 0.12
BLUE 205 (full precision): 16811.583 +- 306.098

    A207  17.32 +-  0.45 |   0.00 |   0.00 |   0.00 |   0.00 |   0.00 |   0.00 |   0.00 |  30.58 | 0.41 0.00 0.05 0.09 0.15
    D207  16.50 +-  0.48 |   0.00 |   0.00 |   0.00 |   0.00 |   0.00 |   0.00 |   0.00 |  26.76 | 0.43 0.00 0.06 0.05 0.20
    L207  17.96 +-  0.51 |   0.00 |   0.00 |   0.00 |   0.00 |   0.00 |   0.00 |   0.00 |  23.57 | 0.45 0.00 0.08 0.08 0.21
    O207  17.77 +-  0.57 |   0.00 |   0.00 |   0.00 |   0.00 |   0.00 |   0.00 |   0.00 |  19.09 | 0.42 0.00 0.09 0.00 0.37
------------------------ | ------ | ------ | ------ | ------ | ------ | ------ | ------ | ------ | ---- ---- ---- ---- ----
BLUE 207  17.34 +-  0.25 |   0.00 |   0.00 |   0.00 |   0.00 |   0.00 |   0.00 |   0.00 | 100.00 | 0.22 0.00 0.03 0.04 0.11
BLUE 207 (full precision): 17336.599 +- 247.566
Chi2 / d.o.f = 22.977 / 24

BlueCor       183       189       192       196       200       202       205       207
    183    1.0000    0.0000    0.0000    0.0000    0.0000    0.0000    0.0000    0.0000
    189    0.0000    1.0000    0.0000    0.0000    0.0000    0.0000    0.0000    0.0000
    192    0.0000    0.0000    1.0000    0.0000    0.0000    0.0000    0.0000    0.0000
    196    0.0000    0.0000    0.0000    1.0000    0.0000    0.0000    0.0000    0.0000
    200    0.0000    0.0000    0.0000    0.0000    1.0000    0.0000    0.0000    0.0000
    202    0.0000    0.0000    0.0000    0.0000    0.0000    1.0000    0.0000    0.0000
    205    0.0000    0.0000    0.0000    0.0000    0.0000    0.0000    1.0000    0.0000
    207    0.0000    0.0000    0.0000    0.0000    0.0000    0.0000    0.0000    1.0000

   CovM (VALUES/1M)
   CovM      A183      A189      A192      A196      A200      A202      A205      A207      D183      D189      D192      D196      D200      D202      D205      D207      L183      L189      L192      L196      L200      L202      L205      L207      O183      O189      O192      O196      O200      O202      O205      O207
   A183    0.4667    0.0000    0.0000    0.0000    0.0000    0.0000    0.0000    0.0000    0.0000    0.0000    0.0000    0.0000    0.0000    0.0000    0.0000    0.0000    0.0000    0.0000    0.0000    0.0000    0.0000    0.0000    0.0000    0.0000    0.0000    0.0000    0.0000    0.0000    0.0000    0.0000    0.0000    0.0000
   A189    0.0000    0.1479    0.0000    0.0000    0.0000    0.0000    0.0000    0.0000    0.0000    0.0000    0.0000    0.0000    0.0000    0.0000    0.0000    0.0000    0.0000    0.0000    0.0000    0.0000    0.0000    0.0000    0.0000    0.0000    0.0000    0.0000    0.0000    0.0000    0.0000    0.0000    0.0000    0.0000
   A192    0.0000    0.0000    0.8244    0.0000    0.0000    0.0000    0.0000    0.0000    0.0000    0.0000    0.0000    0.0000    0.0000    0.0000    0.0000    0.0000    0.0000    0.0000    0.0000    0.0000    0.0000    0.0000    0.0000    0.0000    0.0000    0.0000    0.0000    0.0000    0.0000    0.0000    0.0000    0.0000
   A196    0.0000    0.0000    0.0000    0.3239    0.0000    0.0000    0.0000    0.0000    0.0000    0.0000    0.0000    0.0000    0.0000    0.0000    0.0000    0.0000    0.0000    0.0000    0.0000    0.0000    0.0000    0.0000    0.0000    0.0000    0.0000    0.0000    0.0000    0.0000    0.0000    0.0000    0.0000    0.0000
   A200    0.0000    0.0000    0.0000    0.0000    0.3132    0.0000    0.0000    0.0000    0.0000    0.0000    0.0000    0.0000    0.0000    0.0000    0.0000    0.0000    0.0000    0.0000    0.0000    0.0000    0.0000    0.0000    0.0000    0.0000    0.0000    0.0000    0.0000    0.0000    0.0000    0.0000    0.0000    0.0000
   A202    0.0000    0.0000    0.0000    0.0000    0.0000    0.5799    0.0000    0.0000    0.0000    0.0000    0.0000    0.0000    0.0000    0.0000    0.0000    0.0000    0.0000    0.0000    0.0000    0.0000    0.0000    0.0000    0.0000    0.0000    0.0000    0.0000    0.0000    0.0000    0.0000    0.0000    0.0000    0.0000
   A205    0.0000    0.0000    0.0000    0.0000    0.0000    0.0000    0.3027    0.0000    0.0000    0.0000    0.0000    0.0000    0.0000    0.0000    0.0000    0.0000    0.0000    0.0000    0.0000    0.0000    0.0000    0.0000    0.0000    0.0000    0.0000    0.0000    0.0000    0.0000    0.0000    0.0000    0.0000    0.0000
   A207    0.0000    0.0000    0.0000    0.0000    0.0000    0.0000    0.0000    0.2004    0.0000    0.0000    0.0000    0.0000    0.0000    0.0000    0.0000    0.0000    0.0000    0.0000    0.0000    0.0000    0.0000    0.0000    0.0000    0.0000    0.0000    0.0000    0.0000    0.0000    0.0000    0.0000    0.0000    0.0000
   D183    0.0000    0.0000    0.0000    0.0000    0.0000    0.0000    0.0000    0.0000    0.5428    0.0000    0.0000    0.0000    0.0000    0.0000    0.0000    0.0000    0.0000    0.0000    0.0000    0.0000    0.0000    0.0000    0.0000    0.0000    0.0000    0.0000    0.0000    0.0000    0.0000    0.0000    0.0000    0.0000
   D189    0.0000    0.0000    0.0000    0.0000    0.0000    0.0000    0.0000    0.0000    0.0000    0.1846    0.0000    0.0000    0.0000    0.0000    0.0000    0.0000    0.0000    0.0000    0.0000    0.0000    0.0000    0.0000    0.0000    0.0000    0.0000    0.0000    0.0000    0.0000    0.0000    0.0000    0.0000    0.0000
   D192    0.0000    0.0000    0.0000    0.0000    0.0000    0.0000    0.0000    0.0000    0.0000    0.0000    1.0485    0.0000    0.0000    0.0000    0.0000    0.0000    0.0000    0.0000    0.0000    0.0000    0.0000    0.0000    0.0000    0.0000    0.0000    0.0000    0.0000    0.0000    0.0000    0.0000    0.0000    0.0000
   D196    0.0000    0.0000    0.0000    0.0000    0.0000    0.0000    0.0000    0.0000    0.0000    0.0000    0.0000    0.3966    0.0000    0.0000    0.0000    0.0000    0.0000    0.0000    0.0000    0.0000    0.0000    0.0000    0.0000    0.0000    0.0000    0.0000    0.0000    0.0000    0.0000    0.0000    0.0000    0.0000
   D200    0.0000    0.0000    0.0000    0.0000    0.0000    0.0000    0.0000    0.0000    0.0000    0.0000    0.0000    0.0000    0.3621    0.0000    0.0000    0.0000    0.0000    0.0000    0.0000    0.0000    0.0000    0.0000    0.0000    0.0000    0.0000    0.0000    0.0000    0.0000    0.0000    0.0000    0.0000    0.0000
   D202    0.0000    0.0000    0.0000    0.0000    0.0000    0.0000    0.0000    0.0000    0.0000    0.0000    0.0000    0.0000    0.0000    0.7092    0.0000    0.0000    0.0000    0.0000    0.0000    0.0000    0.0000    0.0000    0.0000    0.0000    0.0000    0.0000    0.0000    0.0000    0.0000    0.0000    0.0000    0.0000
   D205    0.0000    0.0000    0.0000    0.0000    0.0000    0.0000    0.0000    0.0000    0.0000    0.0000    0.0000    0.0000    0.0000    0.0000    0.4085    0.0000    0.0000    0.0000    0.0000    0.0000    0.0000    0.0000    0.0000    0.0000    0.0000    0.0000    0.0000    0.0000    0.0000    0.0000    0.0000    0.0000
   D207    0.0000    0.0000    0.0000    0.0000    0.0000    0.0000    0.0000    0.0000    0.0000    0.0000    0.0000    0.0000    0.0000    0.0000    0.0000    0.2290    0.0000    0.0000    0.0000    0.0000    0.0000    0.0000    0.0000    0.0000    0.0000    0.0000    0.0000    0.0000    0.0000    0.0000    0.0000    0.0000
   L183    0.0000    0.0000    0.0000    0.0000    0.0000    0.0000    0.0000    0.0000    0.0000    0.0000    0.0000    0.0000    0.0000    0.0000    0.0000    0.0000    0.5164    0.0000    0.0000    0.0000    0.0000    0.0000    0.0000    0.0000    0.0000    0.0000    0.0000    0.0000    0.0000    0.0000    0.0000    0.0000
   L189    0.0000    0.0000    0.0000    0.0000    0.0000    0.0000    0.0000    0.0000    0.0000    0.0000    0.0000    0.0000    0.0000    0.0000    0.0000    0.0000    0.0000    0.1854    0.0000    0.0000    0.0000    0.0000    0.0000    0.0000    0.0000    0.0000    0.0000    0.0000    0.0000    0.0000    0.0000    0.0000
   L192    0.0000    0.0000    0.0000    0.0000    0.0000    0.0000    0.0000    0.0000    0.0000    0.0000    0.0000    0.0000    0.0000    0.0000    0.0000    0.0000    0.0000    0.0000    0.8676    0.0000    0.0000    0.0000    0.0000    0.0000    0.0000    0.0000    0.0000    0.0000    0.0000    0.0000    0.0000    0.0000
   L196    0.0000    0.0000    0.0000    0.0000    0.0000    0.0000    0.0000    0.0000    0.0000    0.0000    0.0000    0.0000    0.0000    0.0000    0.0000    0.0000    0.0000    0.0000    0.0000    0.3601    0.0000    0.0000    0.0000    0.0000    0.0000    0.0000    0.0000    0.0000    0.0000    0.0000    0.0000    0.0000
   L200    0.0000    0.0000    0.0000    0.0000    0.0000    0.0000    0.0000    0.0000    0.0000    0.0000    0.0000    0.0000    0.0000    0.0000    0.0000    0.0000    0.0000    0.0000    0.0000    0.0000    0.3825    0.0000    0.0000    0.0000    0.0000    0.0000    0.0000    0.0000    0.0000    0.0000    0.0000    0.0000
   L202    0.0000    0.0000    0.0000    0.0000    0.0000    0.0000    0.0000    0.0000    0.0000    0.0000    0.0000    0.0000    0.0000    0.0000    0.0000    0.0000    0.0000    0.0000    0.0000    0.0000    0.0000    0.7801    0.0000    0.0000    0.0000    0.0000    0.0000    0.0000    0.0000    0.0000    0.0000    0.0000
   L205    0.0000    0.0000    0.0000    0.0000    0.0000    0.0000    0.0000    0.0000    0.0000    0.0000    0.0000    0.0000    0.0000    0.0000    0.0000    0.0000    0.0000    0.0000    0.0000    0.0000    0.0000    0.0000    0.4057    0.0000    0.0000    0.0000    0.0000    0.0000    0.0000    0.0000    0.0000    0.0000
   L207    0.0000    0.0000    0.0000    0.0000    0.0000    0.0000    0.0000    0.0000    0.0000    0.0000    0.0000    0.0000    0.0000    0.0000    0.0000    0.0000    0.0000    0.0000    0.0000    0.0000    0.0000    0.0000    0.0000    0.2601    0.0000    0.0000    0.0000    0.0000    0.0000    0.0000    0.0000    0.0000
   O183    0.0000    0.0000    0.0000    0.0000    0.0000    0.0000    0.0000    0.0000    0.0000    0.0000    0.0000    0.0000    0.0000    0.0000    0.0000    0.0000    0.0000    0.0000    0.0000    0.0000    0.0000    0.0000    0.0000    0.0000    0.4397    0.0000    0.0000    0.0000    0.0000    0.0000    0.0000    0.0000
   O189    0.0000    0.0000    0.0000    0.0000    0.0000    0.0000    0.0000    0.0000    0.0000    0.0000    0.0000    0.0000    0.0000    0.0000    0.0000    0.0000    0.0000    0.0000    0.0000    0.0000    0.0000    0.0000    0.0000    0.0000    0.0000    0.1480    0.0000    0.0000    0.0000    0.0000    0.0000    0.0000
   O192    0.0000    0.0000    0.0000    0.0000    0.0000    0.0000    0.0000    0.0000    0.0000    0.0000    0.0000    0.0000    0.0000    0.0000    0.0000    0.0000    0.0000    0.0000    0.0000    0.0000    0.0000    0.0000    0.0000    0.0000    0.0000    0.0000    0.9504    0.0000    0.0000    0.0000    0.0000    0.0000
   O196    0.0000    0.0000    0.0000    0.0000    0.0000    0.0000    0.0000    0.0000    0.0000    0.0000    0.0000    0.0000    0.0000    0.0000    0.0000    0.0000    0.0000    0.0000    0.0000    0.0000    0.0000    0.0000    0.0000    0.0000    0.0000    0.0000    0.0000    0.5450    0.0000    0.0000    0.0000    0.0000
   O200    0.0000    0.0000    0.0000    0.0000    0.0000    0.0000    0.0000    0.0000    0.0000    0.0000    0.0000    0.0000    0.0000    0.0000    0.0000    0.0000    0.0000    0.0000    0.0000    0.0000    0.0000    0.0000    0.0000    0.0000    0.0000    0.0000    0.0000    0.0000    0.4361    0.0000    0.0000    0.0000
   O202    0.0000    0.0000    0.0000    0.0000    0.0000    0.0000    0.0000    0.0000    0.0000    0.0000    0.0000    0.0000    0.0000    0.0000    0.0000    0.0000    0.0000    0.0000    0.0000    0.0000    0.0000    0.0000    0.0000    0.0000    0.0000    0.0000    0.0000    0.0000    0.0000    0.8325    0.0000    0.0000
   O205    0.0000    0.0000    0.0000    0.0000    0.0000    0.0000    0.0000    0.0000    0.0000    0.0000    0.0000    0.0000    0.0000    0.0000    0.0000    0.0000    0.0000    0.0000    0.0000    0.0000    0.0000    0.0000    0.0000    0.0000    0.0000    0.0000    0.0000    0.0000    0.0000    0.0000    0.4071    0.0000
   O207    0.0000    0.0000    0.0000    0.0000    0.0000    0.0000    0.0000    0.0000    0.0000    0.0000    0.0000    0.0000    0.0000    0.0000    0.0000    0.0000    0.0000    0.0000    0.0000    0.0000    0.0000    0.0000    0.0000    0.0000    0.0000    0.0000    0.0000    0.0000    0.0000    0.0000    0.0000    0.3210

--------------------------------------------------------------------

Create latex report: /home/avalassi/BLUEFIN/bluefin/examples/dataSWW/sww_body.tex
WARNING! Overfull hbox: increase width by 89.01694pt
WARNING! Re-gain A4 ratio: increase height by 63.1539pt instead
